./ms 10 4 -t 5 
58074 17235 12485

//
segsites: 11
positions: 0.0052 0.0901 0.2046 0.4225 0.4227 0.4888 0.6622 0.7155 0.7385 0.7472 0.8357 
10000000010
10001100010
00010001000
10100000110
10001000010
10100000110
11001000011
10000000010
10000010010
10001000010

//
segsites: 25
positions: 0.0574 0.0638 0.1082 0.1353 0.1615 0.1801 0.1879 0.1911 0.2143 0.2251 0.2717 0.3449 0.3966 0.3971 0.4682 0.4714 0.5312 0.7264 0.7609 0.8033 0.8099 0.8443 0.9003 0.9655 0.9894 
1100110101000000011010000
0101110100000000011110000
0100110100000000011110000
0100110100000000011110000
0000001010111000100000011
1100110100000010011010000
1100110101000000011010000
0100110100000100011111000
0110000100000001010010100
0000001010111000100000011

//
segsites: 6
positions: 0.1059 0.4598 0.5037 0.8229 0.8920 0.9716 
010001
010100
101010
101010
101010
101010
101010
101010
010000
010100

//
segsites: 25
positions: 0.0138 0.0844 0.0868 0.1259 0.1947 0.2140 0.2291 0.2450 0.3264 0.3390 0.3422 0.3475 0.3659 0.4740 0.5425 0.5435 0.5693 0.6009 0.6024 0.7238 0.8137 0.8414 0.8621 0.8991 0.9557 
0100000100100000010100010
0010000100100000000000000
0010000100110000000000000
0010000100100000000000000
0010000101110000000000000
0010000100100000000000000
1001111010000111101011101
0000000000101000000000000
0010000100100000000000000
1001111010000111101011101
