./ms 4 4 -t 5 
35582 14458 40829

//
segsites: 9
positions: 0.0648 0.0749 0.0772 0.0782 0.3643 0.3992 0.5757 0.9565 0.9989 
111101011
000000000
111101011
000010100

//
segsites: 13
positions: 0.1066 0.1166 0.2563 0.3033 0.3937 0.3993 0.4454 0.4827 0.4943 0.6405 0.6585 0.8693 0.9750 
0000100011101
1111011100010
1111011100010
1111011100010

//
segsites: 14
positions: 0.0041 0.1940 0.2149 0.3356 0.3632 0.4216 0.5061 0.5773 0.6540 0.6992 0.7482 0.7495 0.7934 0.8234 
10111010110100
01000101001011
01000101001011
01000101001011

//
segsites: 5
positions: 0.1905 0.4351 0.4408 0.8295 0.8636 
00000
00010
01001
11101
